2J P   S L   CF   NI       ENERGY(RYD)
 1 1  -2 1    1    2        0.00000000       
 3 1  -2 1    1    1        0.00083790       
 3 0   2 2    2    2        0.30616177       
 5 0   2 2    2    1        0.30616758       
 3 0   4 3    3   10        1.22204091       
 5 0   4 3    3    6        1.22204285       
 7 0   4 3    3    4        1.22204555       
 9 0   4 3    3    2        1.22204903       
 5 0   2 3    3    7        1.23248694       
 7 0   2 3    3    5        1.23249235       
 1 0   4 1    3   14        1.23999282       
 3 0   4 1    3   12        1.23999398       
 5 0   4 1    3    9        1.23999591       
 3 0   2 2    3   11        1.24098492       
 5 0   2 2    3    8        1.24098493       
 9 0   2 4    3    1        1.24933051       
 7 0   2 4    3    3        1.24933051       
 1 0   2 1    3   15        1.25043769       
 3 0   2 1    3   13        1.25044001       
 1 0   2 0    3   16        1.28490691       
 0 0   0 0    0    0     -484.32480602
