  NV=    3  LV=   -1       K    1    2    3    4    5    6    7    8    9   10   11   12   13   14   15   16   17   18   19   20
  3CFIC  G   Z=13    N=13  NL  1 0  2 0  2 1  3 0  3 1  3 2
    1    6    0 0  21522563524515
    2   10    0 0  21522563524516
    3   90    0 0  21522563514526
        I-S            C-S           AUTO-IONIZATION DATA       Z=13   N=13
   CF   LV    W   CF   LV    W      AA*SEC         E-C(RYD)      E-I(RYD)
                                                                   0.000000
   NLEVEL=   20                                       E1/RY=    -484.324806
    K   LV    T 2S+1    L   2J   CF     (EK-E1)/RY
    1   20    8   -2    1    1    1       0.000000
    2   16    8   -2    1    3    1       0.000838
    3   12    4    2    2    3    2       0.306162
    4    8    4    2    2    5    2       0.306168
    5   11    2    4    3    3    3       1.222041
    6    6    2    4    3    5    3       1.222043
    7    4    2    4    3    7    3       1.222046
    8    2    2    4    3    9    3       1.222049
    9    7    3    2    3    5    3       1.232487
   10    5    3    2    3    7    3       1.232492
   11   17    6    4    1    1    3       1.239993
   12   14    6    4    1    3    3       1.239994
   13   10    6    4    1    5    3       1.239996
   14   13    5    2    2    3    3       1.240985
   15    9    5    2    2    5    3       1.240985
   16    1    1    2    4    9    3       1.249331
   17    3    1    2    4    7    3       1.249331
   18   18    7    2    1    1    3       1.250438
   19   15    7    2    1    3    3       1.250440
   20   19    9    2    0    1    3       1.284907
  
    
