  NV=    3  LV=   -1       K    1    2    3    4    5    6    7    8    9   10   11   12   13   14   15   16   17   18   19   20
  3CFLS  G   Z=13    N=13  NL  1 0  2 0  2 1  3 0  3 1  3 2
    1    6    0 0  21522563524515
    2   10    0 0  21522563524516
    3   90    0 0  21522563514526
        I-S            C-S           AUTO-IONIZATION DATA       Z=13   N=13
   CF    T    W   CF    T    W      AA*SEC         E-C(RYD)      E-I(RYD)
                                                                   0.000000
    NTERM=    9                                       E1/RY=    -483.540744
    I    T      2S+1    L        CF     (EI-E1)/RY
    1    8        -2    1         1       0.000000
    2    4         2    2         2       0.305188
    3    2         4    3         3       1.218011
    4    3         2    3         3       1.228456
    5    6         4    1         3       1.235960
    6    5         2    2         3       1.236951
    7    1         2    4         3       1.245296
    8    7         2    1         3       1.246405
    9    9         2    0         3       1.280873
    
    
